202756.7614
202259.6493
203017.5457
202856.9517
202926.4522
202883.0723
202918.048
202811.9739
202635.7858
202630.9704
202586.4424
202531.3426
202533.9382
202535.9523
202557.5668
202553.4803
202568.4793
202585.7524
202580.2199
202587.6056
202593.6427
202601.1072
202607.7623
202611.621
202607.5391
202612.6439
202615.6039
202619.1992
202618.4522
202619.0245
202620.0621
202624.408
202614.5418
202623.0977
202626.7373
202623.0389
202622.4941
202626.1648
202622.1266
202622.8721
202624.3617
202625.0817
202623.0133
202620.4059
202621.229
202625.5524
202620.7548
202623.4012
202626.7436
202636.0927
202626.3583
202624.6362
202628.5575
202623.7913
202624.5554
202622.0428
202599.5589
202608.4705
202624.8389
202612.0377
202597.1141
202616.0173
202612.2094
202612.9384
202614.5013
202611.8861
202606.6944
202607.2883
202607.2637
202606.4817
202605.7514
202605.0026
202608.488
202610.3158
202623.2333
202616.2418
202619.6951
202616.5795
202616.6547
202618.5541
202625.6104
202620.1183
202623.0493
202621.7075
202625.4036
202621.2786
202621.2685
202624.4088
202617.4171
202623.6902
202623.3067
202634.6179
202624.3932
202616.4092
202627.9188
202627.4948
202632.827
202627.0831
202626.82
202623.7912
202609.8037
202598.4723
202608.1784
202606.418
202605.9216
202605.0653
202604.8077
202597.2571
202589.8709
202590.0969
202581.6817
202571.5185
202584.5074
202575.731
202579.1188
202587.1131
202583.6793
202589.1367
202590.0049
202589.5892
202589.7358
202591.1141
202589.9683
202591.8337
202582.5167
202590.8854
202589.011
202592.0472
202579.7066
202586.3695
202571.8133
202572.6381
202563.824
202559.5641
202581.8508
202572.4066
202572.4036
202566.2138
202564.111
202573.3822
202577.8441
202610.6888
202604.0535
202592.1701
202533.578
202474.0598
202548.8989
202598.6197
202594.0626
202596.3939
202594.8111
202591.7363
202582.6171
202577.1631
202568.6013
202541.2386
202468.6492
202504.1319
202541.1935
202428.6825
202460.1496
202244.3828
202128.3849
202459.2222
201205.8042
198555.3089
197083.2597
196213.4058
193561.439
190854.3663
188413.7146
187625.6423
187988.7306
188155.9823
188374.3967
188574.988
188695.58
189018.3815
189188.8787
189403.1221
189752.3561
190015.6551
190224.1052
190450.7241
190555.6626
190750.6632
190884.9807
191222.342
191492.1735
191843.8302
192220.4137
192460.0145
192702.3127
192874.8461
193094.4039
193388.899
193435.3206
193666.0858
193711.8366
193879.4498
194011.9438
194209.3509
194367.6649
194528.9944
194658.0496
194806.7962
194836.6951
195045.3655
195082.5626
195297.5874
195567.2393
195696.4072
196241.2014
196609.0025
196810.8893
197506.8951
198083.2118
198633.2976
199314.9408
199999.2083
200618.3078
201190.5506
201704.1866
201828.4052
201671.2826
202002.9156
201577.7354
202009.2369
202707.3509
198322.2452
189299.6495
22731.023
1046.964
4324.641191
1759.497676
3261.332052
2130.85214
3073.542141
2712.116306
2517.406359
2871.351464
2680.94196
2961.020225
2871.707878
3063.349563
3029.967946
2303.053066
2117.664425
1896.35952
1864.302058
1702.503929
1916.269914
1735.664772
2051.766773
1825.031331
2132.206737
2343.605918
3451.054209
2572.284413
2390.471061
2033.045414
2865.105908
2088.79676
1579.575755
1663.958691
1736.069747
2418.015122
3895.99042
3740.0504
3418.202929
2148.359603
2297.036719
2335.320083
2156.163608
1982.927128
2357.128112
1882.845669
1650.428221
2226.939343
2481.69513
2266.082172
2107.617168
2059.066933
2042.472488
2025.464688
2029.945776
2193.350194
2316.380262
2108.343734
2324.443457
2215.575818
1887.560898
1534.744193
1473.051307
1567.039093
1569.418952
1768.582383
1949.920675
2068.532341
1755.353486
1673.985449
1612.359907
1864.696543
2009.465354
2025.143813
2067.596017
1693.132222
2118.012703
1879.044985
1979.683871
1775.934487
1957.508797
1932.021385
1769.420363
1976.171318
2250.263939
2261.035499
2312.05542
1954.502469
2060.722014
2145.829993
2155.672395
2044.768779
2137.357009
2301.247812
2279.786022
1898.766324
2001.264736
1978.622359
1964.855232
1733.870288
1928.158909
2036.259887
2032.709127
2268.303657
1935.347887
1747.543672
1818.488365
1726.325903
2060.235235
2148.70416
2152.982551
1957.057158
1778.661318
2190.848642
2067.389422
1923.255441
2153.86878
2004.883848
1776.00424
2018.231798
1739.63324
2186.099571
1802.647577
1566.934269
1833.919596
1699.682722
1753.914041
1798.845233
1669.763035
1761.753595
1832.567941
2238.549086
2060.190819
1582.0137
1983.51205
1872.970244
1674.983957
1790.646189
1761.654132
1685.621737
1744.672272
1913.050726
1769.874851
1679.700631
1726.724603
1799.101809
1779.598463
1765.290634
1746.630021
1728.577758
1705.885821
1743.468687
1815.066202
1828.143027
1681.068338
1726.763451
1827.552718
1878.797979
1742.876028
1693.233278
1732.622571
1786.004274
1783.57962
1975.776945
1840.613362
1904.403354
2063.308489
1757.571199
1772.299478
1833.584375
1729.600759
1695.506075
1519.261279
1518.56882
1647.276563
1544.081855
1441.343781
1573.130691
1571.957113
1573.672325
1467.83809
1455.461231
1668.145989
1739.928643
1655.571872
1685.765485
1773.616714
2309.913715
1865.844851
1701.232824
1779.820493
1666.036225
1791.852903
1716.830576
1719.89256
1843.52783
1757.436337
1705.266773
1734.839514
1797.084102
1731.990821
1804.617527
1755.788266
1746.34113
1773.302751
1780.641551
